{
 "cells": [
  {
   "cell_type": "code",
   "execution_count": 1,
   "id": "a14634a4-fd64-4a94-acfc-6738c8d42403",
   "metadata": {},
   "outputs": [],
   "source": [
    "import pandas as pd\n",
    "import plotly.graph_objects as go"
   ]
  },
  {
   "cell_type": "code",
   "execution_count": 2,
   "id": "5ef5132b-498b-443a-a854-3288a686b561",
   "metadata": {},
   "outputs": [],
   "source": [
    "import scanpy as sc"
   ]
  },
  {
   "cell_type": "code",
   "execution_count": 3,
   "id": "724caefd-c203-4329-b581-ad80d73a4615",
   "metadata": {},
   "outputs": [],
   "source": [
    "adata = sc.read_h5ad(\"/home/augusta/SSS_mount/insituCNV/data/WTx-CosMx_TVA/WTx-CosMx/adata_1970164_processed_metadata_processed_logcountCNV_epi.h5ad\")"
   ]
  },
  {
   "cell_type": "code",
   "execution_count": 4,
   "id": "e21ebbd8-1b11-43bb-8f14-bca7d163a587",
   "metadata": {},
   "outputs": [
    {
     "data": {
      "text/plain": [
       "AnnData object with n_obs × n_vars = 387605 × 18555\n",
       "    obs: 'Unnamed: 0', 'fov', 'Area', 'AspectRatio', 'CenterX_local_px', 'CenterY_local_px', 'Width', 'Height', 'Mean.PanCK', 'Max.PanCK', 'Mean.CD68_CK8_18', 'Max.CD68_CK8_18', 'Mean.CD298_B2M', 'Max.CD298_B2M', 'Mean.CD45', 'Max.CD45', 'Mean.DAPI', 'Max.DAPI', 'cell_id', 'version', 'Run_name', 'Run_Tissue_name', 'tissue', 'Panel', 'assay_type', 'slide_ID', 'CenterX_global_px', 'CenterY_global_px', 'cell_ID', 'unassignedTranscripts', 'nCount_RNA', 'nFeature_RNA', 'nCount_negprobes', 'nFeature_negprobes', 'nCount_falsecode', 'nFeature_falsecode', 'Area.um2', 'cell', 'sid', 'add_cell_id', 'add_ist', 'add_sub', 'n_counts', 'leiden', 'cnv_leiden_res0.2', 'cnv_leiden_res0.5'\n",
       "    var: 'Unnamed: 0', 'start', 'end', 'width', 'names', 'gene_id', 'symbol', 'ensg', 'chromosome'\n",
       "    uns: 'add_ist_colors', 'add_sub_colors', 'cnv', 'cnv_leiden_res0.2', 'cnv_leiden_res0.2_colors', 'cnv_leiden_res0.5', 'cnv_leiden_res0.5_colors', 'cnv_neighbors', 'dendrogram_add_ist', 'dendrogram_add_sub', 'dendrogram_cnv_leiden_res0.2', 'dendrogram_cnv_leiden_res0.5', 'dendrogram_leiden', 'leiden', 'leiden_colors', 'log1p', 'neighbors', 'pca', 'umap'\n",
       "    obsm: 'X_cnv', 'X_cnv_pca', 'X_pca', 'X_umap', 'spatial'\n",
       "    varm: 'PCs'\n",
       "    layers: 'logcounts', 'raw'\n",
       "    obsp: 'cnv_neighbors_connectivities', 'cnv_neighbors_distances', 'connectivities', 'distances'"
      ]
     },
     "execution_count": 4,
     "metadata": {},
     "output_type": "execute_result"
    }
   ],
   "source": [
    "adata"
   ]
  },
  {
   "cell_type": "code",
   "execution_count": 6,
   "id": "a7481134-edca-4274-9447-13dc55be67b9",
   "metadata": {
    "scrolled": true
   },
   "outputs": [
    {
     "data": {
      "text/plain": [
       "{'add_ist_colors': array(['#6a3a4c', '#1b4400', '#4fc601', '#3b5dff', '#4a3b53', '#ff2f80',\n",
       "        '#61615a', '#ba0900', '#6b7900', '#00c2a0', '#ffaa92', '#ff90c9',\n",
       "        '#b903aa', '#c2ff99'], dtype=object),\n",
       " 'add_sub_colors': array(['#1f77b4'], dtype=object),\n",
       " 'cnv': {'chr_pos': {'chr1': 0,\n",
       "   'chr10': 798,\n",
       "   'chr11': 858,\n",
       "   'chr12': 972,\n",
       "   'chr13': 1060,\n",
       "   'chr14': 1081,\n",
       "   'chr15': 1130,\n",
       "   'chr16': 1175,\n",
       "   'chr17': 1243,\n",
       "   'chr18': 1344,\n",
       "   'chr19': 1360,\n",
       "   'chr2': 184,\n",
       "   'chr20': 1486,\n",
       "   'chr21': 1528,\n",
       "   'chr22': 1539,\n",
       "   'chr3': 293,\n",
       "   'chr4': 386,\n",
       "   'chr5': 448,\n",
       "   'chr6': 518,\n",
       "   'chr7': 607,\n",
       "   'chr8': 682,\n",
       "   'chr9': 736}},\n",
       " 'cnv_leiden_res0.2': {'params': {'n_iterations': 2,\n",
       "   'random_state': 0,\n",
       "   'resolution': 0.2}},\n",
       " 'cnv_leiden_res0.2_colors': array(['#1f77b4', '#ff7f0e', '#279e68'], dtype=object),\n",
       " 'cnv_leiden_res0.5': {'params': {'n_iterations': 2,\n",
       "   'random_state': 0,\n",
       "   'resolution': 0.5}},\n",
       " 'cnv_leiden_res0.5_colors': array(['#1f77b4', '#ff7f0e', '#279e68', '#d62728', '#aa40fc'],\n",
       "       dtype=object),\n",
       " 'cnv_neighbors': {'connectivities_key': 'cnv_neighbors_connectivities',\n",
       "  'distances_key': 'cnv_neighbors_distances',\n",
       "  'params': {'method': 'umap',\n",
       "   'metric': 'euclidean',\n",
       "   'n_neighbors': 15,\n",
       "   'random_state': 0,\n",
       "   'use_rep': 'X_cnv_pca'}},\n",
       " 'dendrogram_add_ist': {'categories_idx_ordered': array([20, 21, 22, 24, 39, 38, 42,  4, 30, 32, 34, 43, 44, 40, 33,  1,  2,\n",
       "          3, 12,  6,  7, 14,  5, 37,  0, 15, 35, 13, 41,  8,  9, 11, 31, 10,\n",
       "         36, 16, 29, 19, 18, 17, 45, 23, 25, 28, 26, 27]),\n",
       "  'categories_ordered': array(['epi. entero. 1', 'epi. entero. 2', 'epi. goblet', 'epi. secret.',\n",
       "         'macro. TR/epi.', 'macro. TR', 'mono. class.', 'CAF inf.',\n",
       "         'fib. 1', 'fib. CCL19/21', 'fib. PLA2G2A ', 'pericytes 1',\n",
       "         'pericytes 2', 'macro. TR/fib.', 'fib. CXCL14', 'CAF',\n",
       "         'CAF SFRP4 1', 'CAF SFRP4 2', 'SMC', 'EC cap.', 'EC ven.',\n",
       "         'TC CD8/NK/epi.', 'DC', 'macro. PV', 'BC mem.', 'TC naive/mem.',\n",
       "         'gran.', 'TC CD8/NK', 'mast cells', 'PC', 'PC IgA1', 'PC IgM',\n",
       "         'fib. 2', 'PC IgG1', 'immune', 'epi.', 'fib.', 'epi. absorp. 3',\n",
       "         'epi. absorp. 2', 'epi. absorp. 1', 'unresolved', 'epi. progen.',\n",
       "         'epi. secret. progen.', 'epi. stem 3', 'epi. stem 1',\n",
       "         'epi. stem 2'], dtype=object),\n",
       "  'cor_method': 'pearson',\n",
       "  'correlation_matrix': array([[ 1.        ,  0.454807  ,  0.3314161 , ...,  0.47759823,\n",
       "           0.40361731, -0.66349592],\n",
       "         [ 0.454807  ,  1.        ,  0.97125131, ...,  0.7568715 ,\n",
       "           0.89329606, -0.79879347],\n",
       "         [ 0.3314161 ,  0.97125131,  1.        , ...,  0.71454915,\n",
       "           0.87704424, -0.72889278],\n",
       "         ...,\n",
       "         [ 0.47759823,  0.7568715 ,  0.71454915, ...,  1.        ,\n",
       "           0.95448291, -0.71533008],\n",
       "         [ 0.40361731,  0.89329606,  0.87704424, ...,  0.95448291,\n",
       "           1.        , -0.75528919],\n",
       "         [-0.66349592, -0.79879347, -0.72889278, ..., -0.71533008,\n",
       "          -0.75528919,  1.        ]]),\n",
       "  'dendrogram_info': {'color_list': array(['C1', 'C1', 'C1', 'C2', 'C2', 'C2', 'C2', 'C2', 'C2', 'C2', 'C2',\n",
       "          'C2', 'C2', 'C2', 'C2', 'C2', 'C2', 'C2', 'C2', 'C2', 'C2', 'C2',\n",
       "          'C2', 'C2', 'C2', 'C2', 'C2', 'C2', 'C2', 'C2', 'C2', 'C2', 'C2',\n",
       "          'C0', 'C3', 'C4', 'C4', 'C4', 'C4', 'C4', 'C4', 'C4', 'C4', 'C0',\n",
       "          'C0'], dtype=object),\n",
       "   'dcoord': array([[0.        , 0.06351566, 0.06351566, 0.        ],\n",
       "          [0.        , 0.09170339, 0.09170339, 0.        ],\n",
       "          [0.06351566, 0.60947926, 0.60947926, 0.09170339],\n",
       "          [0.        , 0.08993861, 0.08993861, 0.        ],\n",
       "          [0.        , 0.37760676, 0.37760676, 0.08993861],\n",
       "          [0.        , 0.05896927, 0.05896927, 0.        ],\n",
       "          [0.        , 0.10759852, 0.10759852, 0.05896927],\n",
       "          [0.        , 0.17973926, 0.17973926, 0.10759852],\n",
       "          [0.        , 0.04551709, 0.04551709, 0.        ],\n",
       "          [0.        , 0.02851376, 0.02851376, 0.        ],\n",
       "          [0.        , 0.04097758, 0.04097758, 0.02851376],\n",
       "          [0.        , 0.09515838, 0.09515838, 0.04097758],\n",
       "          [0.        , 0.19561747, 0.19561747, 0.09515838],\n",
       "          [0.04551709, 0.30074284, 0.30074284, 0.19561747],\n",
       "          [0.17973926, 0.36485349, 0.36485349, 0.30074284],\n",
       "          [0.        , 0.01564746, 0.01564746, 0.        ],\n",
       "          [0.        , 0.18330289, 0.18330289, 0.01564746],\n",
       "          [0.        , 0.0373928 , 0.0373928 , 0.        ],\n",
       "          [0.        , 0.02454485, 0.02454485, 0.        ],\n",
       "          [0.        , 0.02235113, 0.02235113, 0.        ],\n",
       "          [0.        , 0.03505009, 0.03505009, 0.02235113],\n",
       "          [0.02454485, 0.11920434, 0.11920434, 0.03505009],\n",
       "          [0.0373928 , 0.13777891, 0.13777891, 0.11920434],\n",
       "          [0.        , 0.22314325, 0.22314325, 0.13777891],\n",
       "          [0.18330289, 0.36895808, 0.36895808, 0.22314325],\n",
       "          [0.        , 0.03333712, 0.03333712, 0.        ],\n",
       "          [0.        , 0.07577064, 0.07577064, 0.03333712],\n",
       "          [0.        , 0.05369781, 0.05369781, 0.        ],\n",
       "          [0.        , 0.20148442, 0.20148442, 0.05369781],\n",
       "          [0.07577064, 0.45875406, 0.45875406, 0.20148442],\n",
       "          [0.36895808, 0.6037974 , 0.6037974 , 0.45875406],\n",
       "          [0.36485349, 0.85459678, 0.85459678, 0.6037974 ],\n",
       "          [0.37760676, 1.01425791, 1.01425791, 0.85459678],\n",
       "          [0.60947926, 1.39863411, 1.39863411, 1.01425791],\n",
       "          [0.        , 0.55311344, 0.55311344, 0.        ],\n",
       "          [0.        , 0.19806371, 0.19806371, 0.        ],\n",
       "          [0.        , 0.36735785, 0.36735785, 0.19806371],\n",
       "          [0.        , 0.08883263, 0.08883263, 0.        ],\n",
       "          [0.        , 0.14272132, 0.14272132, 0.        ],\n",
       "          [0.        , 0.30527033, 0.30527033, 0.14272132],\n",
       "          [0.08883263, 0.59584424, 0.59584424, 0.30527033],\n",
       "          [0.36735785, 0.86258162, 0.86258162, 0.59584424],\n",
       "          [0.        , 0.9709713 , 0.9709713 , 0.86258162],\n",
       "          [0.55311344, 1.43327823, 1.43327823, 0.9709713 ],\n",
       "          [1.39863411, 1.90704049, 1.90704049, 1.43327823]]),\n",
       "   'icoord': array([[  5.        ,   5.        ,  15.        ,  15.        ],\n",
       "          [ 25.        ,  25.        ,  35.        ,  35.        ],\n",
       "          [ 10.        ,  10.        ,  30.        ,  30.        ],\n",
       "          [ 55.        ,  55.        ,  65.        ,  65.        ],\n",
       "          [ 45.        ,  45.        ,  60.        ,  60.        ],\n",
       "          [ 95.        ,  95.        , 105.        , 105.        ],\n",
       "          [ 85.        ,  85.        , 100.        , 100.        ],\n",
       "          [ 75.        ,  75.        ,  92.5       ,  92.5       ],\n",
       "          [115.        , 115.        , 125.        , 125.        ],\n",
       "          [165.        , 165.        , 175.        , 175.        ],\n",
       "          [155.        , 155.        , 170.        , 170.        ],\n",
       "          [145.        , 145.        , 162.5       , 162.5       ],\n",
       "          [135.        , 135.        , 153.75      , 153.75      ],\n",
       "          [120.        , 120.        , 144.375     , 144.375     ],\n",
       "          [ 83.75      ,  83.75      , 132.1875    , 132.1875    ],\n",
       "          [195.        , 195.        , 205.        , 205.        ],\n",
       "          [185.        , 185.        , 200.        , 200.        ],\n",
       "          [225.        , 225.        , 235.        , 235.        ],\n",
       "          [245.        , 245.        , 255.        , 255.        ],\n",
       "          [275.        , 275.        , 285.        , 285.        ],\n",
       "          [265.        , 265.        , 280.        , 280.        ],\n",
       "          [250.        , 250.        , 272.5       , 272.5       ],\n",
       "          [230.        , 230.        , 261.25      , 261.25      ],\n",
       "          [215.        , 215.        , 245.625     , 245.625     ],\n",
       "          [192.5       , 192.5       , 230.3125    , 230.3125    ],\n",
       "          [305.        , 305.        , 315.        , 315.        ],\n",
       "          [295.        , 295.        , 310.        , 310.        ],\n",
       "          [335.        , 335.        , 345.        , 345.        ],\n",
       "          [325.        , 325.        , 340.        , 340.        ],\n",
       "          [302.5       , 302.5       , 332.5       , 332.5       ],\n",
       "          [211.40625   , 211.40625   , 317.5       , 317.5       ],\n",
       "          [107.96875   , 107.96875   , 264.453125  , 264.453125  ],\n",
       "          [ 52.5       ,  52.5       , 186.2109375 , 186.2109375 ],\n",
       "          [ 20.        ,  20.        , 119.35546875, 119.35546875],\n",
       "          [355.        , 355.        , 365.        , 365.        ],\n",
       "          [395.        , 395.        , 405.        , 405.        ],\n",
       "          [385.        , 385.        , 400.        , 400.        ],\n",
       "          [415.        , 415.        , 425.        , 425.        ],\n",
       "          [445.        , 445.        , 455.        , 455.        ],\n",
       "          [435.        , 435.        , 450.        , 450.        ],\n",
       "          [420.        , 420.        , 442.5       , 442.5       ],\n",
       "          [392.5       , 392.5       , 431.25      , 431.25      ],\n",
       "          [375.        , 375.        , 411.875     , 411.875     ],\n",
       "          [360.        , 360.        , 393.4375    , 393.4375    ],\n",
       "          [ 69.67773438,  69.67773438, 376.71875   , 376.71875   ]]),\n",
       "   'ivl': array(['epi. entero. 1', 'epi. entero. 2', 'epi. goblet', 'epi. secret.',\n",
       "          'macro. TR/epi.', 'macro. TR', 'mono. class.', 'CAF inf.',\n",
       "          'fib. 1', 'fib. CCL19/21', 'fib. PLA2G2A ', 'pericytes 1',\n",
       "          'pericytes 2', 'macro. TR/fib.', 'fib. CXCL14', 'CAF',\n",
       "          'CAF SFRP4 1', 'CAF SFRP4 2', 'SMC', 'EC cap.', 'EC ven.',\n",
       "          'TC CD8/NK/epi.', 'DC', 'macro. PV', 'BC mem.', 'TC naive/mem.',\n",
       "          'gran.', 'TC CD8/NK', 'mast cells', 'PC', 'PC IgA1', 'PC IgM',\n",
       "          'fib. 2', 'PC IgG1', 'immune', 'epi.', 'fib.', 'epi. absorp. 3',\n",
       "          'epi. absorp. 2', 'epi. absorp. 1', 'unresolved', 'epi. progen.',\n",
       "          'epi. secret. progen.', 'epi. stem 3', 'epi. stem 1',\n",
       "          'epi. stem 2'], dtype=object),\n",
       "   'leaves': array([20, 21, 22, 24, 39, 38, 42,  4, 30, 32, 34, 43, 44, 40, 33,  1,  2,\n",
       "           3, 12,  6,  7, 14,  5, 37,  0, 15, 35, 13, 41,  8,  9, 11, 31, 10,\n",
       "          36, 16, 29, 19, 18, 17, 45, 23, 25, 28, 26, 27]),\n",
       "   'leaves_color_list': array(['C1', 'C1', 'C1', 'C1', 'C2', 'C2', 'C2', 'C2', 'C2', 'C2', 'C2',\n",
       "          'C2', 'C2', 'C2', 'C2', 'C2', 'C2', 'C2', 'C2', 'C2', 'C2', 'C2',\n",
       "          'C2', 'C2', 'C2', 'C2', 'C2', 'C2', 'C2', 'C2', 'C2', 'C2', 'C2',\n",
       "          'C2', 'C2', 'C3', 'C3', 'C4', 'C4', 'C4', 'C4', 'C4', 'C4', 'C4',\n",
       "          'C4', 'C4'], dtype=object)},\n",
       "  'groupby': array(['add_ist'], dtype=object),\n",
       "  'linkage': array([[6.00000000e+00, 7.00000000e+00, 1.56474626e-02, 2.00000000e+00],\n",
       "         [1.30000000e+01, 4.10000000e+01, 2.23511284e-02, 2.00000000e+00],\n",
       "         [0.00000000e+00, 1.50000000e+01, 2.45448519e-02, 2.00000000e+00],\n",
       "         [2.00000000e+00, 3.00000000e+00, 2.85137576e-02, 2.00000000e+00],\n",
       "         [9.00000000e+00, 1.10000000e+01, 3.33371228e-02, 2.00000000e+00],\n",
       "         [3.50000000e+01, 4.70000000e+01, 3.50500931e-02, 3.00000000e+00],\n",
       "         [5.00000000e+00, 3.70000000e+01, 3.73927969e-02, 2.00000000e+00],\n",
       "         [1.00000000e+00, 4.90000000e+01, 4.09775817e-02, 3.00000000e+00],\n",
       "         [4.30000000e+01, 4.40000000e+01, 4.55170904e-02, 2.00000000e+00],\n",
       "         [1.00000000e+01, 3.60000000e+01, 5.36978117e-02, 2.00000000e+00],\n",
       "         [3.20000000e+01, 3.40000000e+01, 5.89692711e-02, 2.00000000e+00],\n",
       "         [2.00000000e+01, 2.10000000e+01, 6.35156569e-02, 2.00000000e+00],\n",
       "         [8.00000000e+00, 5.00000000e+01, 7.57706445e-02, 3.00000000e+00],\n",
       "         [2.30000000e+01, 2.50000000e+01, 8.88326336e-02, 2.00000000e+00],\n",
       "         [3.80000000e+01, 4.20000000e+01, 8.99386064e-02, 2.00000000e+00],\n",
       "         [2.20000000e+01, 2.40000000e+01, 9.17033931e-02, 2.00000000e+00],\n",
       "         [3.30000000e+01, 5.30000000e+01, 9.51583812e-02, 4.00000000e+00],\n",
       "         [3.00000000e+01, 5.60000000e+01, 1.07598519e-01, 3.00000000e+00],\n",
       "         [4.80000000e+01, 5.10000000e+01, 1.19204342e-01, 5.00000000e+00],\n",
       "         [5.20000000e+01, 6.40000000e+01, 1.37778915e-01, 7.00000000e+00],\n",
       "         [2.60000000e+01, 2.70000000e+01, 1.42721321e-01, 2.00000000e+00],\n",
       "         [4.00000000e+00, 6.30000000e+01, 1.79739256e-01, 4.00000000e+00],\n",
       "         [1.20000000e+01, 4.60000000e+01, 1.83302893e-01, 3.00000000e+00],\n",
       "         [4.00000000e+01, 6.20000000e+01, 1.95617472e-01, 5.00000000e+00],\n",
       "         [1.70000000e+01, 4.50000000e+01, 1.98063710e-01, 2.00000000e+00],\n",
       "         [3.10000000e+01, 5.50000000e+01, 2.01484416e-01, 3.00000000e+00],\n",
       "         [1.40000000e+01, 6.50000000e+01, 2.23143247e-01, 8.00000000e+00],\n",
       "         [5.40000000e+01, 6.90000000e+01, 3.00742843e-01, 7.00000000e+00],\n",
       "         [2.80000000e+01, 6.60000000e+01, 3.05270327e-01, 3.00000000e+00],\n",
       "         [6.70000000e+01, 7.30000000e+01, 3.64853486e-01, 1.10000000e+01],\n",
       "         [1.80000000e+01, 7.00000000e+01, 3.67357851e-01, 3.00000000e+00],\n",
       "         [6.80000000e+01, 7.20000000e+01, 3.68958082e-01, 1.10000000e+01],\n",
       "         [3.90000000e+01, 6.00000000e+01, 3.77606758e-01, 3.00000000e+00],\n",
       "         [5.80000000e+01, 7.10000000e+01, 4.58754062e-01, 6.00000000e+00],\n",
       "         [1.60000000e+01, 2.90000000e+01, 5.53113437e-01, 2.00000000e+00],\n",
       "         [5.90000000e+01, 7.40000000e+01, 5.95844238e-01, 5.00000000e+00],\n",
       "         [7.70000000e+01, 7.90000000e+01, 6.03797400e-01, 1.70000000e+01],\n",
       "         [5.70000000e+01, 6.10000000e+01, 6.09479261e-01, 4.00000000e+00],\n",
       "         [7.50000000e+01, 8.20000000e+01, 8.54596783e-01, 2.80000000e+01],\n",
       "         [7.60000000e+01, 8.10000000e+01, 8.62581617e-01, 8.00000000e+00],\n",
       "         [1.90000000e+01, 8.50000000e+01, 9.70971296e-01, 9.00000000e+00],\n",
       "         [7.80000000e+01, 8.40000000e+01, 1.01425791e+00, 3.10000000e+01],\n",
       "         [8.30000000e+01, 8.70000000e+01, 1.39863411e+00, 3.50000000e+01],\n",
       "         [8.00000000e+01, 8.60000000e+01, 1.43327823e+00, 1.10000000e+01],\n",
       "         [8.80000000e+01, 8.90000000e+01, 1.90704049e+00, 4.60000000e+01]]),\n",
       "  'linkage_method': 'complete'},\n",
       " 'dendrogram_add_sub': {'categories_idx_ordered': array([0, 1, 2]),\n",
       "  'categories_ordered': array(['epithelia', 'immune', 'stromal'], dtype=object),\n",
       "  'cor_method': 'pearson',\n",
       "  'correlation_matrix': array([[ 1.        , -0.87511269, -0.95367498],\n",
       "         [-0.87511269,  1.        ,  0.68899138],\n",
       "         [-0.95367498,  0.68899138,  1.        ]]),\n",
       "  'dendrogram_info': {'color_list': array(['C1', 'C0'], dtype=object),\n",
       "   'dcoord': array([[0.        , 0.31100862, 0.31100862, 0.        ],\n",
       "          [0.        , 1.95367498, 1.95367498, 0.31100862]]),\n",
       "   'icoord': array([[15., 15., 25., 25.],\n",
       "          [ 5.,  5., 20., 20.]]),\n",
       "   'ivl': array(['epithelia', 'immune', 'stromal'], dtype=object),\n",
       "   'leaves': array([0, 1, 2]),\n",
       "   'leaves_color_list': array(['C0', 'C1', 'C1'], dtype=object)},\n",
       "  'groupby': array(['add_sub'], dtype=object),\n",
       "  'linkage': array([[1.        , 2.        , 0.31100862, 2.        ],\n",
       "         [0.        , 3.        , 1.95367498, 3.        ]]),\n",
       "  'linkage_method': 'complete'},\n",
       " 'dendrogram_cnv_leiden_res0.2': {'categories_idx_ordered': array([0, 1, 2]),\n",
       "  'categories_ordered': array(['0', '1', '2'], dtype=object),\n",
       "  'cor_method': 'pearson',\n",
       "  'correlation_matrix': array([[ 1.        , -0.92060278, -0.76426989],\n",
       "         [-0.92060278,  1.        ,  0.45175667],\n",
       "         [-0.76426989,  0.45175667,  1.        ]]),\n",
       "  'dendrogram_info': {'color_list': array(['C1', 'C0'], dtype=object),\n",
       "   'dcoord': array([[0.        , 0.54824333, 0.54824333, 0.        ],\n",
       "          [0.        , 1.92060278, 1.92060278, 0.54824333]]),\n",
       "   'icoord': array([[15., 15., 25., 25.],\n",
       "          [ 5.,  5., 20., 20.]]),\n",
       "   'ivl': array(['0', '1', '2'], dtype=object),\n",
       "   'leaves': array([0, 1, 2]),\n",
       "   'leaves_color_list': array(['C0', 'C1', 'C1'], dtype=object)},\n",
       "  'groupby': array(['cnv_leiden_res0.2'], dtype=object),\n",
       "  'linkage': array([[1.        , 2.        , 0.54824333, 2.        ],\n",
       "         [0.        , 3.        , 1.92060278, 3.        ]]),\n",
       "  'linkage_method': 'complete'},\n",
       " 'dendrogram_cnv_leiden_res0.5': {'categories_idx_ordered': array([0, 2, 1, 3, 4]),\n",
       "  'categories_ordered': array(['0', '2', '1', '3', '4'], dtype=object),\n",
       "  'cor_method': 'pearson',\n",
       "  'correlation_matrix': array([[ 1.        , -0.90818387,  0.71204786, -0.84619441, -0.50522914],\n",
       "         [-0.90818387,  1.        , -0.74601255,  0.572338  ,  0.12220402],\n",
       "         [ 0.71204786, -0.74601255,  1.        , -0.65367726, -0.3559823 ],\n",
       "         [-0.84619441,  0.572338  , -0.65367726,  1.        ,  0.86564311],\n",
       "         [-0.50522914,  0.12220402, -0.3559823 ,  0.86564311,  1.        ]]),\n",
       "  'dendrogram_info': {'color_list': array(['C1', 'C2', 'C2', 'C0'], dtype=object),\n",
       "   'dcoord': array([[0.        , 0.28795214, 0.28795214, 0.        ],\n",
       "          [0.        , 0.13435689, 0.13435689, 0.        ],\n",
       "          [0.        , 0.87779598, 0.87779598, 0.13435689],\n",
       "          [0.28795214, 1.90818387, 1.90818387, 0.87779598]]),\n",
       "   'icoord': array([[ 5. ,  5. , 15. , 15. ],\n",
       "          [35. , 35. , 45. , 45. ],\n",
       "          [25. , 25. , 40. , 40. ],\n",
       "          [10. , 10. , 32.5, 32.5]]),\n",
       "   'ivl': array(['0', '2', '1', '3', '4'], dtype=object),\n",
       "   'leaves': array([0, 2, 1, 3, 4]),\n",
       "   'leaves_color_list': array(['C1', 'C1', 'C2', 'C2', 'C2'], dtype=object)},\n",
       "  'groupby': array(['cnv_leiden_res0.5'], dtype=object),\n",
       "  'linkage': array([[3.        , 4.        , 0.13435689, 2.        ],\n",
       "         [0.        , 2.        , 0.28795214, 2.        ],\n",
       "         [1.        , 5.        , 0.87779598, 3.        ],\n",
       "         [6.        , 7.        , 1.90818387, 5.        ]]),\n",
       "  'linkage_method': 'complete'},\n",
       " 'dendrogram_leiden': {'categories_idx_ordered': array([19,  3, 11, 20, 21, 23,  1,  7,  2, 10,  6, 17,  8, 22, 24, 12,  4,\n",
       "         14,  9, 18,  5, 16,  0, 13, 15]),\n",
       "  'categories_ordered': array(['19', '3', '11', '20', '21', '23', '1', '7', '2', '10', '6', '17',\n",
       "         '8', '22', '24', '12', '4', '14', '9', '18', '5', '16', '0', '13',\n",
       "         '15'], dtype=object),\n",
       "  'cor_method': 'pearson',\n",
       "  'correlation_matrix': array([[ 1.        , -0.89751914, -0.5900935 , -0.65178637,  0.62791453,\n",
       "           0.55713803, -0.84179695, -0.89124278, -0.08703436,  0.59177339,\n",
       "          -0.5390558 , -0.65932071,  0.01659226,  0.63644   ,  0.56766727,\n",
       "           0.66233621,  0.42984156, -0.27875376,  0.49608087, -0.35908529,\n",
       "          -0.64095784, -0.71331301, -0.1505377 , -0.73571361,  0.03149572],\n",
       "         [-0.89751914,  1.        ,  0.7195877 ,  0.72656712, -0.7737405 ,\n",
       "          -0.39606515,  0.79661832,  0.91065566,  0.02644833, -0.69121521,\n",
       "           0.58546351,  0.67701098, -0.25503119, -0.70666744, -0.67246067,\n",
       "          -0.69540454, -0.33591382,  0.24249166, -0.62226512,  0.3966871 ,\n",
       "           0.72453346,  0.65311584,  0.13484267,  0.78520584, -0.02056508],\n",
       "         [-0.5900935 ,  0.7195877 ,  1.        ,  0.45493808, -0.64700586,\n",
       "          -0.19930892,  0.34223461,  0.74556224,  0.11660085, -0.57461891,\n",
       "           0.62065392,  0.45246136, -0.58362066, -0.53079536, -0.59474357,\n",
       "          -0.51663934, -0.09170259, -0.08963788, -0.64595766,  0.40164989,\n",
       "           0.6787158 ,  0.61572211,  0.31274129,  0.60406036,  0.20934548],\n",
       "         [-0.65178637,  0.72656712,  0.45493808,  1.        , -0.67995914,\n",
       "           0.03712553,  0.52029261,  0.58207013,  0.04170533, -0.56663307,\n",
       "           0.27501175,  0.60915771, -0.35077416, -0.56419657, -0.60655624,\n",
       "          -0.54772583, -0.08418098,  0.10737968, -0.37714581,  0.28728309,\n",
       "           0.5223568 ,  0.44042434,  0.0049356 ,  0.4871045 , -0.10111815],\n",
       "         [ 0.62791453, -0.7737405 , -0.64700586, -0.67995914,  1.        ,\n",
       "          -0.04862491, -0.62751138, -0.67301827, -0.32504215,  0.58529811,\n",
       "          -0.53300255, -0.59282505,  0.63197446,  0.50995555,  0.78115385,\n",
       "           0.3579316 ,  0.03493325, -0.3169545 ,  0.52889135, -0.3241064 ,\n",
       "          -0.59325065, -0.57355584, -0.24265998, -0.60794875, -0.18599332],\n",
       "         [ 0.55713803, -0.39606515, -0.19930892,  0.03712553, -0.04862491,\n",
       "           1.        , -0.50938654, -0.56150553,  0.42349185,  0.04721423,\n",
       "          -0.31552204, -0.25230212, -0.50045383,  0.23202659, -0.05624673,\n",
       "           0.38708091,  0.65128298, -0.05521944,  0.11022674, -0.15581079,\n",
       "          -0.35623452, -0.43185306, -0.04971195, -0.4261621 ,  0.072986  ],\n",
       "         [-0.84179695,  0.79661832,  0.34223461,  0.52029261, -0.62751138,\n",
       "          -0.50938654,  1.        ,  0.76722933,  0.14602869, -0.60307287,\n",
       "           0.38618228,  0.6044722 ,  0.08909542, -0.59719793, -0.54078717,\n",
       "          -0.55653221, -0.56343095,  0.63007764, -0.41177969,  0.13168329,\n",
       "           0.5785543 ,  0.67385441,  0.2355152 ,  0.59971652,  0.08820165],\n",
       "         [-0.89124278,  0.91065566,  0.74556224,  0.58207013, -0.67301827,\n",
       "          -0.56150553,  0.76722933,  1.        , -0.03980916, -0.59197071,\n",
       "           0.62612719,  0.554455  , -0.21592165, -0.6559524 , -0.60350263,\n",
       "          -0.68442898, -0.33435944,  0.20462645, -0.65470622,  0.42071318,\n",
       "           0.7418734 ,  0.7248808 ,  0.19898371,  0.8264958 ,  0.07875064],\n",
       "         [-0.08703436,  0.02644833,  0.11660085,  0.04170533, -0.32504215,\n",
       "           0.42349185,  0.14602869, -0.03980916,  1.        , -0.32336062,\n",
       "           0.04315007, -0.08591448, -0.29503247, -0.12977125, -0.30498103,\n",
       "           0.10709425,  0.16564503,  0.47142516, -0.31639523, -0.10299269,\n",
       "           0.06953928,  0.20347487,  0.2783467 , -0.0605839 ,  0.38015581],\n",
       "         [ 0.59177339, -0.69121521, -0.57461891, -0.56663307,  0.58529811,\n",
       "           0.04721423, -0.60307287, -0.59197071, -0.32336062,  1.        ,\n",
       "          -0.44071214, -0.53329205,  0.35026738,  0.4531314 ,  0.51508878,\n",
       "           0.48521423,  0.14243643, -0.3304367 ,  0.5860197 , -0.14757773,\n",
       "          -0.58495247, -0.54510701, -0.24161974, -0.49906765, -0.22132336],\n",
       "         [-0.5390558 ,  0.58546351,  0.62065392,  0.27501175, -0.53300255,\n",
       "          -0.31552204,  0.38618228,  0.62612719,  0.04315007, -0.44071214,\n",
       "           1.        ,  0.36392873, -0.41477827, -0.456312  , -0.48595488,\n",
       "          -0.49363922, -0.00845838, -0.06028856, -0.53279811,  0.47827847,\n",
       "           0.51007606,  0.44149372,  0.129779  ,  0.61039728,  0.22894866],\n",
       "         [-0.65932071,  0.67701098,  0.45246136,  0.60915771, -0.59282505,\n",
       "          -0.25230212,  0.6044722 ,  0.554455  , -0.08591448, -0.53329205,\n",
       "           0.36392873,  1.        , -0.19334876, -0.52730834, -0.51381492,\n",
       "          -0.54988119, -0.29606454,  0.00783546,  0.06400027,  0.13610273,\n",
       "           0.46034091,  0.47802955,  0.12544615,  0.54453828,  0.00401764],\n",
       "         [ 0.01659226, -0.25503119, -0.58362066, -0.35077416,  0.63197446,\n",
       "          -0.50045383,  0.08909542, -0.21592165, -0.29503247,  0.35026738,\n",
       "          -0.41477827, -0.19334876,  1.        ,  0.08841887,  0.61613186,\n",
       "           0.01620928, -0.46039169,  0.15085134,  0.42380074, -0.24798751,\n",
       "          -0.30382392, -0.18220204, -0.20557898, -0.24559058, -0.35099521],\n",
       "         [ 0.63644   , -0.70666744, -0.53079536, -0.56419657,  0.50995555,\n",
       "           0.23202659, -0.59719793, -0.6559524 , -0.12977125,  0.4531314 ,\n",
       "          -0.456312  , -0.52730834,  0.08841887,  1.        ,  0.412526  ,\n",
       "           0.73274341,  0.19576197, -0.19888324,  0.36733851, -0.30506205,\n",
       "          -0.54139213, -0.52206723, -0.16323216, -0.55486878, -0.06416156],\n",
       "         [ 0.56766727, -0.67246067, -0.59474357, -0.60655624,  0.78115385,\n",
       "          -0.05624673, -0.54078717, -0.60350263, -0.30498103,  0.51508878,\n",
       "          -0.48595488, -0.51381492,  0.61613186,  0.412526  ,  1.        ,\n",
       "           0.32897777,  0.01805943, -0.29215657,  0.51579826, -0.26473305,\n",
       "          -0.54591863, -0.49337249, -0.20745379, -0.52475629, -0.20205455],\n",
       "         [ 0.66233621, -0.69540454, -0.51663934, -0.54772583,  0.3579316 ,\n",
       "           0.38708091, -0.55653221, -0.68442898,  0.10709425,  0.48521423,\n",
       "          -0.49363922, -0.54988119,  0.01620928,  0.73274341,  0.32897777,\n",
       "           1.        ,  0.21470616, -0.0372032 ,  0.33953674, -0.34489886,\n",
       "          -0.57632118, -0.44943525, -0.07912789, -0.54775521, -0.00711818],\n",
       "         [ 0.42984156, -0.33591382, -0.09170259, -0.08418098,  0.03493325,\n",
       "           0.65128298, -0.56343095, -0.33435944,  0.16564503,  0.14243643,\n",
       "          -0.00845838, -0.29606454, -0.46039169,  0.19576197,  0.01805943,\n",
       "           0.21470616,  1.        , -0.41479059,  0.01871016,  0.22116425,\n",
       "          -0.24578819, -0.37936835, -0.10310317, -0.15967587,  0.08890201],\n",
       "         [-0.27875376,  0.24249166, -0.08963788,  0.10737968, -0.3169545 ,\n",
       "          -0.05521944,  0.63007764,  0.20462645,  0.47142516, -0.3304367 ,\n",
       "          -0.06028856,  0.00783546,  0.15085134, -0.19888324, -0.29215657,\n",
       "          -0.0372032 , -0.41479059,  1.        , -0.30825765, -0.19348035,\n",
       "           0.18968996,  0.32610567,  0.20132138,  0.06435829,  0.15747637],\n",
       "         [ 0.49608087, -0.62226512, -0.64595766, -0.37714581,  0.52889135,\n",
       "           0.11022674, -0.41177969, -0.65470622, -0.31639523,  0.5860197 ,\n",
       "          -0.53279811,  0.06400027,  0.42380074,  0.36733851,  0.51579826,\n",
       "           0.33953674,  0.01871016, -0.30825765,  1.        , -0.36947643,\n",
       "          -0.56707433, -0.47413788, -0.21139884, -0.4896002 , -0.21322272],\n",
       "         [-0.35908529,  0.3966871 ,  0.40164989,  0.28728309, -0.3241064 ,\n",
       "          -0.15581079,  0.13168329,  0.42071318, -0.10299269, -0.14757773,\n",
       "           0.47827847,  0.13610273, -0.24798751, -0.30506205, -0.26473305,\n",
       "          -0.34489886,  0.22116425, -0.19348035, -0.36947643,  1.        ,\n",
       "           0.18483132,  0.20639098, -0.07223051,  0.3630729 , -0.005381  ],\n",
       "         [-0.64095784,  0.72453346,  0.6787158 ,  0.5223568 , -0.59325065,\n",
       "          -0.35623452,  0.5785543 ,  0.7418734 ,  0.06953928, -0.58495247,\n",
       "           0.51007606,  0.46034091, -0.30382392, -0.54139213, -0.54591863,\n",
       "          -0.57632118, -0.24578819,  0.18968996, -0.56707433,  0.18483132,\n",
       "           1.        ,  0.7278071 ,  0.0851028 ,  0.54805085,  0.14684113],\n",
       "         [-0.71331301,  0.65311584,  0.61572211,  0.44042434, -0.57355584,\n",
       "          -0.43185306,  0.67385441,  0.7248808 ,  0.20347487, -0.54510701,\n",
       "           0.44149372,  0.47802955, -0.18220204, -0.52206723, -0.49337249,\n",
       "          -0.44943525, -0.37936835,  0.32610567, -0.47413788,  0.20639098,\n",
       "           0.7278071 ,  1.        ,  0.32391931,  0.4671816 ,  0.20199332],\n",
       "         [-0.1505377 ,  0.13484267,  0.31274129,  0.0049356 , -0.24265998,\n",
       "          -0.04971195,  0.2355152 ,  0.19898371,  0.2783467 , -0.24161974,\n",
       "           0.129779  ,  0.12544615, -0.20557898, -0.16323216, -0.20745379,\n",
       "          -0.07912789, -0.10310317,  0.20132138, -0.21139884, -0.07223051,\n",
       "           0.0851028 ,  0.32391931,  1.        ,  0.2055347 ,  0.39446972],\n",
       "         [-0.73571361,  0.78520584,  0.60406036,  0.4871045 , -0.60794875,\n",
       "          -0.4261621 ,  0.59971652,  0.8264958 , -0.0605839 , -0.49906765,\n",
       "           0.61039728,  0.54453828, -0.24559058, -0.55486878, -0.52475629,\n",
       "          -0.54775521, -0.15967587,  0.06435829, -0.4896002 ,  0.3630729 ,\n",
       "           0.54805085,  0.4671816 ,  0.2055347 ,  1.        ,  0.06059827],\n",
       "         [ 0.03149572, -0.02056508,  0.20934548, -0.10111815, -0.18599332,\n",
       "           0.072986  ,  0.08820165,  0.07875064,  0.38015581, -0.22132336,\n",
       "           0.22894866,  0.00401764, -0.35099521, -0.06416156, -0.20205455,\n",
       "          -0.00711818,  0.08890201,  0.15747637, -0.21322272, -0.005381  ,\n",
       "           0.14684113,  0.20199332,  0.39446972,  0.06059827,  1.        ]]),\n",
       "  'dendrogram_info': {'color_list': array(['C1', 'C1', 'C1', 'C1', 'C1', 'C1', 'C1', 'C1', 'C1', 'C1', 'C1',\n",
       "          'C1', 'C1', 'C1', 'C2', 'C2', 'C2', 'C2', 'C3', 'C3', 'C3', 'C3',\n",
       "          'C0', 'C0'], dtype=object),\n",
       "   'dcoord': array([[0.        , 0.39084229, 0.39084229, 0.        ],\n",
       "          [0.        , 0.2721929 , 0.2721929 , 0.        ],\n",
       "          [0.        , 0.08934434, 0.08934434, 0.        ],\n",
       "          [0.        , 0.21479416, 0.21479416, 0.08934434],\n",
       "          [0.        , 0.37934608, 0.37934608, 0.        ],\n",
       "          [0.21479416, 0.41453649, 0.41453649, 0.37934608],\n",
       "          [0.2721929 , 0.55850628, 0.55850628, 0.41453649],\n",
       "          [0.39084229, 0.72498825, 0.72498825, 0.55850628],\n",
       "          [0.        , 0.86389727, 0.86389727, 0.72498825],\n",
       "          [0.        , 0.36992236, 0.36992236, 0.        ],\n",
       "          [0.        , 0.60553028, 0.60553028, 0.        ],\n",
       "          [0.        , 0.7216533 , 0.7216533 , 0.60553028],\n",
       "          [0.36992236, 0.91179835, 0.91179835, 0.7216533 ],\n",
       "          [0.86389727, 1.19348035, 1.19348035, 0.91179835],\n",
       "          [0.        , 0.21884615, 0.21884615, 0.        ],\n",
       "          [0.        , 0.38386814, 0.38386814, 0.21884615],\n",
       "          [0.        , 0.4139803 , 0.4139803 , 0.        ],\n",
       "          [0.38386814, 0.64973262, 0.64973262, 0.4139803 ],\n",
       "          [0.        , 0.34871702, 0.34871702, 0.        ],\n",
       "          [0.        , 0.26725659, 0.26725659, 0.        ],\n",
       "          [0.        , 0.36356   , 0.36356   , 0.26725659],\n",
       "          [0.34871702, 0.80423803, 0.80423803, 0.36356   ],\n",
       "          [0.64973262, 1.50045383, 1.50045383, 0.80423803],\n",
       "          [1.19348035, 1.89751914, 1.89751914, 1.50045383]]),\n",
       "   'icoord': array([[ 15.      ,  15.      ,  25.      ,  25.      ],\n",
       "          [ 35.      ,  35.      ,  45.      ,  45.      ],\n",
       "          [ 65.      ,  65.      ,  75.      ,  75.      ],\n",
       "          [ 55.      ,  55.      ,  70.      ,  70.      ],\n",
       "          [ 85.      ,  85.      ,  95.      ,  95.      ],\n",
       "          [ 62.5     ,  62.5     ,  90.      ,  90.      ],\n",
       "          [ 40.      ,  40.      ,  76.25    ,  76.25    ],\n",
       "          [ 20.      ,  20.      ,  58.125   ,  58.125   ],\n",
       "          [  5.      ,   5.      ,  39.0625  ,  39.0625  ],\n",
       "          [105.      , 105.      , 115.      , 115.      ],\n",
       "          [135.      , 135.      , 145.      , 145.      ],\n",
       "          [125.      , 125.      , 140.      , 140.      ],\n",
       "          [110.      , 110.      , 132.5     , 132.5     ],\n",
       "          [ 22.03125 ,  22.03125 , 121.25    , 121.25    ],\n",
       "          [165.      , 165.      , 175.      , 175.      ],\n",
       "          [155.      , 155.      , 170.      , 170.      ],\n",
       "          [185.      , 185.      , 195.      , 195.      ],\n",
       "          [162.5     , 162.5     , 190.      , 190.      ],\n",
       "          [205.      , 205.      , 215.      , 215.      ],\n",
       "          [235.      , 235.      , 245.      , 245.      ],\n",
       "          [225.      , 225.      , 240.      , 240.      ],\n",
       "          [210.      , 210.      , 232.5     , 232.5     ],\n",
       "          [176.25    , 176.25    , 221.25    , 221.25    ],\n",
       "          [ 71.640625,  71.640625, 198.75    , 198.75    ]]),\n",
       "   'ivl': array(['19', '3', '11', '20', '21', '23', '1', '7', '2', '10', '6', '17',\n",
       "          '8', '22', '24', '12', '4', '14', '9', '18', '5', '16', '0', '13',\n",
       "          '15'], dtype=object),\n",
       "   'leaves': array([19,  3, 11, 20, 21, 23,  1,  7,  2, 10,  6, 17,  8, 22, 24, 12,  4,\n",
       "          14,  9, 18,  5, 16,  0, 13, 15]),\n",
       "   'leaves_color_list': array(['C1', 'C1', 'C1', 'C1', 'C1', 'C1', 'C1', 'C1', 'C1', 'C1', 'C1',\n",
       "          'C1', 'C1', 'C1', 'C1', 'C2', 'C2', 'C2', 'C2', 'C2', 'C3', 'C3',\n",
       "          'C3', 'C3', 'C3'], dtype=object)},\n",
       "  'groupby': array(['leiden'], dtype=object),\n",
       "  'linkage': array([[ 1.        ,  7.        ,  0.08934434,  2.        ],\n",
       "         [23.        , 25.        ,  0.21479416,  3.        ],\n",
       "         [ 4.        , 14.        ,  0.21884615,  2.        ],\n",
